"Date (yyyy-mm-dd)","Reported positive tests through app authorised by GGD (daily)","Reported positive test through app authorised by GGD (cumulative)"
2020-08-17,0,0
2020-08-18,3,3
2020-08-19,1,4
2020-08-20,1,5
2020-08-21,2,7
2020-08-22,3,10
2020-08-23,2,12
2020-08-24,0,12
2020-08-25,3,15
2020-08-26,2,17
2020-08-27,4,21
2020-08-28,1,22
2020-08-29,0,22
2020-08-30,0,22
2020-08-31,5,27
2020-09-01,9,36
2020-09-02,6,42
2020-09-03,0,42
2020-09-04,5,47
2020-09-05,5,52
2020-09-06,5,57
2020-09-07,4,61
2020-09-08,3,64
2020-09-09,16,80
2020-09-10,4,84
2020-09-11,5,89
2020-09-12,5,94
2020-09-13,9,103
2020-09-14,3,106
2020-09-15,13,119
2020-09-16,8,127
2020-09-17,12,139
2020-09-18,12,151
2020-09-19,9,160
2020-09-20,14,174
2020-09-21,17,191
2020-09-22,18,209
2020-09-23,24,233
2020-09-24,22,255
2020-09-25,20,275
2020-09-26,22,297
2020-09-27,33,330
2020-09-28,29,359
2020-09-29,28,387
2020-09-30,30,417
2020-10-01,41,458
2020-10-02,18,476
2020-10-03,21,497
2020-10-04,37,534
2020-10-05,33,567
2020-10-06,48,615
2020-10-07,60,675
2020-10-08,66,741
2020-10-09,73,814
2020-10-10,199,1013
2020-10-11,233,1246
2020-10-12,320,1566
2020-10-13,483,2049
2020-10-14,616,2665
2020-10-15,777,3442
2020-10-16,747,4189
2020-10-17,901,5090
2020-10-18,902,5992
2020-10-19,915,6907
2020-10-20,1084,7991
2020-10-21,1222,9213
2020-10-22,1279,10492
2020-10-23,1144,11636
2020-10-24,1215,12851
2020-10-25,1382,14233
2020-10-26,1425,15658
2020-10-27,1428,17086
2020-10-28,1295,18381
2020-10-29,1547,19928
2020-10-30,1433,21361
2020-10-31,1386,22747
2020-11-01,1319,24066
2020-11-02,1149,25215
2020-11-03,1112,26327
2020-11-04,1010,27337
2020-11-05,1039,28376
2020-11-06,848,29224
2020-11-07,812,30036
2020-11-08,788,30824
2020-11-09,546,31370
2020-11-10,765,32135
2020-11-11,753,32888
2020-11-12,750,33638
2020-11-13,754,34392
2020-11-14,683,35075
2020-11-15,765,35840
2020-11-16,656,36496
2020-11-17,518,37014
2020-11-18,657,37671
2020-11-19,810,38481
2020-11-20,768,39249
2020-11-21,714,39963
2020-11-22,760,40723
2020-11-23,576,41299
2020-11-24,624,41923
2020-11-25,584,42507
2020-11-26,697,43204
2020-11-27,612,43816
2020-11-28,672,44488
2020-11-29,738,45226
2020-11-30,569,45795
2020-12-01,578,46373
2020-12-02,704,47077
2020-12-03,751,47828
2020-12-04,775,48603
2020-12-05,798,49401
2020-12-06,997,50398
2020-12-07,870,51268
2020-12-08,979,52247
2020-12-09,1080,53327
2020-12-10,1142,54469
2020-12-11,1277,55746
2020-12-12,1402,57148
2020-12-13,1522,58670
2020-12-14,1079,59749
2020-12-15,1334,61083
2020-12-16,1684,62767
2020-12-17,1686,64453
2020-12-18,1702,66155
2020-12-19,1773,67928
2020-12-20,1913,69841
2020-12-21,1575,71416
